0.2447787198153409
0.178416346372823
0.16123377381577322
0.1525168739288692
0.14619581501474493
0.14199225987370306
0.13724056439908597
0.13370847136606812
0.13020348831598938
0.1276173045041533
0.12689474354619565
0.12303080200677805
0.11869110891470325
0.1175661803234236
0.11260910938850975
0.10704336053297925
0.10837203617623672
0.10542509961033998
0.10172159398497328
0.09878515914494812
0.09662260274170886
0.09562928874502069
0.09452552192295964
0.0913126195372329
0.10037640809070451
0.09201385286956908
0.08361060251831537
0.082315218778467
0.0814396100553128
0.07360455358452477
0.07144992813291286
0.06897315677446811
0.06992557962892555
0.07952644137054564
0.07312686452752516
0.0654222164229442
0.06340811657811342
0.061890933824622116
0.06638866922129756
0.06827677851137907
0.06299678139064623
0.05621802288552989
0.05475956837650344
0.053175526645343765
0.05665344871551152
0.05266966084717762
0.05024205460378775
0.05143460360440341
0.05005957486601215
0.05092891497103122
0.05846961402139174
0.056104758040235916
0.04700232494489949
0.04463086486333915
0.05081628339563905
0.048762095304345894
0.04574774564961671
0.045908117482784706
0.04839261624181695
0.045012070727442566
0.041913447172745415
0.04176779886479434
0.04026853991120229
0.04068582331238999
0.04290567933335135
0.0386259131751984
0.03709822115690812
0.036931203759234886
0.03837422231440488
0.03955881020768358
0.03764586015181108
0.03405393442146392
0.03241894084945498
0.031162228037717316
0.03010595645829152
0.031111279966331753
0.030012767776670193
0.030695809677184334
0.03198043913709316
0.032084076772094246
0.029878258233956196
0.027232784527563766
0.027691814739242374
0.0279418074566385
0.02846552355016173
0.027737941666554085
0.029472922147969483
0.02920008271108032
0.0276722813783427
0.027548247175254368
0.02780329285874197
0.028002950042603985
0.026698299076246178
0.02493176818365165
0.02421762820760252
0.023798985914750534
0.02458925963390486
0.025206514969173626
0.025335620985671936
0.022347808355399273
0.021218631578528362
0.02145017842530262
0.021788668726743916
0.021354873189813064
0.021423262569744125
0.020657961547610317
0.019215885358365627
0.019320237306738087
0.020177111795297253
0.020930548430431503
0.021067298919315865
0.020533173451781746
0.020263014103584137
0.01987628974462215
0.019381692758190773
0.0178327051547205
0.01766020695682571
0.01756682037836007
0.018310154850775074
0.018189064598837387
0.01622871542165402
0.014773900329831089
0.015773247353173057
0.01686404722010194
0.017957559216163845
0.01861566422956263
0.01865106137844885
0.018734042352367294
0.017408712108144646
0.016864181036063335
0.017529434837371464
0.0174365910616788
0.015874257671974392
0.015714531359465225
0.015334572245480986
0.015335370429419718
0.014876474976068428
0.01445441849146907
0.014109455078486868
0.013803760995977953
0.014256078735170628
0.015326992796343777
0.015645971411301685
0.014698273579593704
0.014117844019953913
0.014492241290247017
0.014641720315684443
0.014530777460030416
0.014865396522250572
0.014709678092021715
0.014211595294032644
0.015211153407341877
0.013674406194875362
0.012416793423679035
0.011732725286672237
0.01186634052412312
0.012117319898643042
0.011605302335716518
0.01127092451917324
0.011124754140499552
0.010486039248379793
0.010327902707186613
0.010666988583892702
0.010632496106294775
0.010346591708217215
0.010436369025188944
0.010257182856322277
0.01094134428755568
0.011366417285481932
0.011015532987391054
0.010497971485725975
0.009494435645846039
0.00946341201721915
0.009635497458838663
0.009381285769194954
0.009425027568349726
0.009988584066096973
0.00989582416097166
0.009048365792738119
0.008806287064382681
0.009485268310124695
0.009878091661355242
0.009651005032505442
0.009211053961350513
0.008375345011473644
0.008531782466903505
0.008647178001554586
0.008618991836728786
0.008854920685055698
0.009008888199395342
0.008520271467125935
0.008263423979989153
0.008387982138531952
0.009141245378335945
0.0088926040136767
0.009452150744411785
0.009882634807481125
0.009073262158118689
0.008411407470703125
